1;2
30000000000000000000000000000000000000033333333333
00000000000000000000000000000000000000000000000000
00000000300000000000000000000000000000000000000000
00000000000000000000000000000000000003333000000000
00000000000000000000000000000000000000000000000000
0000000J000000000000000000000000000000000000000000
00000000000000000000033330000000000000003000000000
00000003000000000000000000000000000000000000000000
00000000000000000000000000000000000000000000000000
00000000000000000000000000000000000000000000000000
00000000000000000000000000000000000000000000000000
00000000000000000000000003000000000000000000000000
00000000000000000000000000000000000000000000000000
00000000000000000000000000000000000000000000000000
00000000000000000000000000000000000000003000000000
00000000000000000030000000000000000000003000000000
0000000000000000000000000000000000000I003000000000
00000003333000000000000000000000000000003000000000
00000000000000000000000000000000000333333000000000
00000000000000000000000000000000000000000000000000
00000000333333300000000000000000000000000000000000
30000000000000000000000000000000000000000000000003
