nome do jogador;41;2;3
00000000000000000000000000000000000000000000000000
00000000000000000000000000000000000000000000000000
00300000000000000000000000000000000000000000000000
00300000000000000000000000000000000000000000000000
00300000300000000000000000000000000000000000000000
00000000000000000000000000000000000000000000000000
0000000000000000000000000000000000000000J111111110
00000000000000000000000000000000000000000000000010
00000000000000000000000000000000000000000000000010
00000000000000000000000000000000000000000000000010
00000000000000000000000000000000000000000000000010
000000000000000I0000000000000000000000000000000010
00000000000000020000000000000000000000000000000010
00000000000000020000000000000000000000000000000010
00000000000000020000000000000000000000000000000010
00000000000000020000000000000000000000000000000000
00000000000000020000000000000000000000000000000000
00000000000000020000000000000333333000000000000000
00000000000000020000000000000000000000000000000000
00000000000000020000000000000000000000000000000000
00000000000000022222222200000000000000000000000000
00000000000000000000000000000000000000000000000000
