Augusto;2;3;4
30000000000000000000000000000000000000000000000003
00000000000000000000000000000000000000000000000000
000000003000000J0000000000000000000000000000000000
00000000000000010000000000000000000003333000000000
00000000000000010000000000000000000000000000000000
00000000000000010000000000000000000000000000000000
00000000000000010000033332222000000000003000000000
00000003000000010000000002002000000000000000000000
00000000000000010000000002002000000000000000000000
0000000000000001000000000I002000000000000000000000
00001111111111110000000000002222222222000000000000
00000000000000000000000003000000000000000000000000
00000000000000000000000000000000000000000000000000
00000000000000000000000000000000000000000000000000
00000000000000000000000000000000000000003000000000
00000000000000000030000000000000000000003000000000
00000000000000000000000000000000000000003000000000
00000003333000000000000000000000000000003000000000
00000000000000000000000000000000000333333000000000
00000000000000000000000000000000000000000000000000
00000000000000000000000000000000000000000000000000
30000000000000000000000000000000000000000000000003
